Manhattan distance
Quick sort
Reference m: 5
 Query n: 10
 Dimensions d: 3
 Time: 0.000128 seconds
12.000000 23.000000 34.000000 35.000000 58.000000 
27.000000 38.000000 41.000000 47.000000 58.000000 
10.000000 35.000000 36.000000 46.000000 63.000000 
22.000000 30.000000 44.000000 53.000000 53.000000 
15.000000 34.000000 37.000000 47.000000 52.000000 
23.000000 27.000000 43.000000 68.000000 74.000000 
30.000000 46.000000 49.000000 52.000000 83.000000 
8.000000 44.000000 56.000000 81.000000 89.000000 
20.000000 32.000000 42.000000 45.000000 53.000000 
14.000000 31.000000 36.000000 50.000000 53.000000 
Manhattan distance
Quick sort
Reference m: 5
 Query n: 10
 Dimensions d: 3
 Time: 0.000285 seconds
12.000000 23.000000 34.000000 35.000000 58.000000 
27.000000 38.000000 41.000000 47.000000 58.000000 
10.000000 35.000000 36.000000 46.000000 63.000000 
22.000000 30.000000 44.000000 53.000000 53.000000 
15.000000 34.000000 37.000000 47.000000 52.000000 
23.000000 27.000000 43.000000 68.000000 74.000000 
30.000000 46.000000 49.000000 52.000000 83.000000 
8.000000 44.000000 56.000000 81.000000 89.000000 
20.000000 32.000000 42.000000 45.000000 53.000000 
14.000000 31.000000 36.000000 50.000000 53.000000 
